1
6
11
15
19
21
26
28
33
35
38
40
44
47
51
55
59
62
65
66
69
71
73
75
77
78
80
83
85
87
88
89
90
91
95
97
98
101
104
108
111
113
115
121
124
125
126
127
130
133
135
137
140
143
147
148
149
152
158
160
163
166
171
174
178
181
182
184
186
189
190
192
195
197
198
200
202
206
208
210
212
215
218
220
221
223
224
226
227
229
230
233
235
238
243
247
251
254
259
264
265
269
273
277
281
285
287
292
297
300
301
303
305
308
311
313
317
318
322
327
330
334
337
341
345
347
349
351
355
359
361
366
369
372
373
378
380
382
383
389
395
399
401
409
411
412
415
417
419
420
421
424
429
431
435
437
440
442
444
446
449
452
453
455
461
462
463
465
466
468
469
470
473
476
477
480
481
484
486
487
489
493
497
500
503
507
511
514
518
522
524
528
532
537
539
542
545
549
551
552
553
554
556
557
561
569
570
572
574
577
579
583
586
588
590
593
598
602
605
607
609
611
615
617
621
624
628
631
636
640
643
647
651
655
656
659
664
665
668
672
673
677
678
680
684
688
693
696
701
706
710
713
716
720
723
729
732
735
736
738
739
740
741
742
746
750
753
755
758
760
764
769
772
776
780
785
787
790
793
798
801
804
808
813
818
822
827
830
835
838
840
843
845
851
854
856
860
866
871
872
876
878
881
886
889
892
898
903
908
913
917
919
923
927
930
934
936
937
940
944
949
951
953
955
958
961
965
969
974
975
978
981
982
987
991
995
996
997
1000
1002
1005
1006
1008
1010
1012
1013
1015
1018
1021
1025
1028
1029
1031
1034
1036
1039
1042
1045
1049
1052
1058
1063
1064
1065
1068
1069
1072
1077
1080
1083
1084
1086
1089
1090
1092
1096
1097
1098
1101
1104
1105
1109
1110
1111
1112
1116
1119
1121
1122
1125
1127
1129
1133
1137
1139
1142
1144
1145
1146
1147
1149
1152
1154
1157
1158
1160
1161
1162
1165
1167
1169
1172
1173
1176
1177
1178
1182
1184
1187
1188
1191
1193
1195
1197
1198
1200
1202
1205
1207
1209
1210
1213
1217
1219
1222
1224
1228
1229
1232
1235
1239
1242
1249
1252
1253
1256
1260
1263
1265
1267
1268
1270
1272
1274
1276
1277
1280
1281
1283
1285
1286
1288
1290
1292
1293
1294
1295
1296
1298
1301
1302
1305
1308
1313
1319
1323
1327
1331
1333
1339
1341
1343
1346
1348
1349
1351
1355
1357
1359
1362
1365
1369
1373
1375
1378
1381
1385
1389
1394
1395
1398
1401
1404
1408
1412
1413
1417
1421
1424
1428
1431
1434
1438
1440
1444
1448
1450
1451
1452
1455
1457
1459
1460
1462
1464
1466
1469
1471
1476
1479
1482
1486
1493
1497
1499
1502
1504
1507
1508
1512
1517
1521
1526
1530
1534
1537
1541
1545
1549
1554
1556
1558
1561
1562
1564
1565
1567
1571
1574
1577
1582
1586
1587
1590
1594
1597
1601
1604
1610
1613
1615
1619
1621
1624
1626
1631
1632
1634
1638
1641
1645
1649
1653
1656
1659
1661
1664
1667
1670
1671
1673
1676
1678
1679
1681
1682
1683
1685
1686
1688
1691
1692
1694
1698
1702
1706
1710
1711
1712
1713
1715
1718
1720
1722
1723
1726
1727
1728
1730
1731
1733
1734
1735
1736
1738
1739
1740
1742
1744
1750
1754
1758
1762
1768
1774
1777
1779
1780
1782
1784
1785
1787
1789
1793
1794
1795
1796
1798
1801
1803
1804
1807
1809
1813
1816
1817
1819
1820
1822
1824
1826
1827
1829
1830
1834
1837
1842
1845
1847
1850
1853
1856
1858
1862
1865
1867
1871
1876
1878
1881
1884
1887
1890
1892
1894
1896
1900
1901
1905
1906
1908
1909
1911
1912
1915
1917
1918
1919
1920
1921
1923
1925
1926
1928
1930
1931
1934
1936
1937
1939
1941
1944
1945
1946
1947
1952
1955
1959
1963
1965
1971
1973
1977
1983
1984
1985
1988
1989
1990
1991
1994
1996
1997
1999
2001
2002
2003
2004
2005
2008
2012
2014
2018
2021
2023
2024
2030
2032
2033
2035
2037
2038
2039
2040
2042
2044
2047
2052
2054
2055
2057
2058
2059
2061
2064
2066
2067
2068
2069
2071
2073
2075
2076
2079
2080
2082
2084
2087
2088
2089
2091
2092
2093
2099
2100
2101
2104
2106
2107
2110
2111
2112
2114
2116
2117
2119
2122
2123
2126
2128
2129
2131
2133
2135
2136
2139
2142
2147
2148
2152
2153
2156
2159
2162
2164
2165
2166
2167
2170
2172
2173
2176
2178
2179
2184
2186
2190
2192
2194
2199
2200
2204
2205
2207
2208
2209
2211
2212
2213
2214
2219
2220
2222
2225
2228
2229
2231
2235
2236
2238
2239
2243
2245
2248
2249
2250
2254
2258
2259
2261
2262
2263
2264
2265
2267
2268
2269
2270
2272
2274
2275
2277
2280
2284
2288
2289
2291
2293
2294
2295
2296
2297
2299
2300
2304
2305
2307
2308
2309
2310
2311
2313
2315
2317
2319
2323
2326
2327
2330
2332
2334
2338
2340
2341
2343
2344
2345
2348
2349
2352
2356
2358
2362
2363
2368
2370
2374
2376
2378
2380
2381
2382
2383
2388
2395
2398
2401
2405
2409
2413
2418
2421
2425
2430
2434
2443
2444
2446
2451
2455
2458
2460
2463
2464
2465
2468
2472
2475
2478
2480
2484
2485
2490
2494
2497
2501
2504
2506
2508
2510
2513
2518
2521
2524
2525
2528
2530
2533
2538
2545
2548
2551
2555
2558
2559
2562
2564
2566
2569
2572
2576
2581
2582
2585
2589
2591
2594
2596
2599
2601
2604
2605
2609
2612
2614
2616
2619
2622
2625
2628
2629
2634
2636
2638
2642
2644
2646
2648
2649
2651
2653
2654
2657
2661
2664
2669
2670
2671
2672
2674
2676
2678
2679
2681
2683
2685
2687
2690
2692
2695
2698
2700
2702
2703
2706
2708
2709
2710
2711
2713
2717
2721
2722
2723
2725
2727
2731
2732
2734
2735
2737
2739
2744
2747
2752
2754
2759
2762
2765
2767
2772
2776
2778
2779
2782
2784
2786
2787
2788
2789
2791
2796
2797
2800
2803
2805
2807
2809
2813
2817
2819
2822
2826
2829
2831
2836
2840
2843
2844
2846
2848
2851
2855
2858
2859
2860
2863
2864
2865
2868
2869
2870
2871
2874
2876
2879
2882
2886
2887
2888
2889
2892
2893
2894
2896
2900
2901
2903
2906
2908
2911
2913
2914
2917
2920
2923
2926
2927
2929
2933
2934
2937
2938
2940
2942
2946
2947
2949
2951
2955
2958
2962
2963
2966
2967
2968
2969
2970
2973
2975
2976
2979
2980
2985
2988
2992
2993
2999
3000
3002
3003
3007
3012
3016
3019
3021
3025
3030
3033
3037
3039
3042
3044
3046
3050
3053
3059
3065
3066
3067
3069
3070
3073
3076
3079
3083
3087
3091
3096
3099
3103
3107
3109
3114
3115
3119
3124
3126
3128
3134
3137
3140
3142
3144
3147
3151
3154
3158
3159
3160
3165
3168
3169
3171
3176
3179
3180
3182
3184
3185
3190
3192
3194
3196
3199
3200
3201
3203
3204
3206
3208
3209
3213
3217
3222
3226
3230
3233
3234
3237
3241
3243
3244
3247
3251
3254
3257
3260
3264
3267
3271
3273
3274
3277
3278
3280
3281
3286
3289
3292
3295
3299
3304
3308
3312
3315
3318
3321
3324
3325
3330
3333
3338
3339
3340
3344
3346
3349
3352
3354
3357
3361
3367
3369
3370
3373
3378
3379
3381
3384
3387
3389
3391
3392
3394
3395
3399
3401
3402
3405
3409
3413
3418
3423
3427
3428
3431
3432
3433
3435
3437
3439
3441
3444
3450
3456
3461
3464
3467
3471
3473
3476
3477
3478
3482
3484
3485
3487
3489
3491
3494
3497
3498
3501
3505
3507
3509
3514
3516
3518
3519
3521
3523
3524
3529
3531
3534
3535
3540
3542
3544
3546
3549
3552
3553
3556
3558
3561
3564
3567
3568
3570
3572
3576
3579
3582
3587
3591
3596
3598
3599
3602
3606
3609
3614
3618
3620
3626
3632
3633
3638
3643
3644
3649
3653
3654
3655
3659
3661
3663
3668
3670
3673
3677
3680
3683
3686
3687
3691
3695
3699
3702
3704
3706
3708
3712
3714
3716
3718
3720
3725
3730
3733
3739
3743
3745
3748
3751
3755
3757
3758
3759
3761
3765
3766
3768
3771
3773
3774
3776
3779
3780
3781
3782
3785
3787
3790
3796
3798
3801
3802
3804
3806
3807
3810
3813
3818
3820
3823
3825
3826
3830
3831
3833
3835
3836
3839
3840
3842
3846
3849
3851
3854
3857
3859
3864
3866
3871
3872
3874
3878
3880
3881
3882
3885
3887
3891
3893
3894
3896
3897
3899
3900
3901
3906
3907
3910
3915
3919
3921
3923
3924
3926
3927
3930
3931
3934
3937
3939
3941
3943
3944
3947
3949
3950
3951
3953
3956
3959
3961
3962
3964
3965
3969
3970
3972
3978
3981
3982
3984
3989
3990
3994
3996
4000
4002
4006
4010
4013
4016
4021
4026
4027
4028
4032
4035
4038
4041
4043
4047
4051
4054
4056
4061
4062
4064
4066
4067
4068
4069
4070
4071
4072
4074
4075
4078
4080
4081
4084
4085
4087
4088
4089
4091
4093
4095
4097
4100
4101
4102
4104
4105
4107
4108
4110
4111
4112
4114
4115
4116
4118
4119
4120
4121
4123
4127
4129
4130
4131
4133
4136
4137
4139
4140
4143
4144
4146
4148
4149
4153
4159
4162
4164
4168
4172
4173
4175
4179
4180
4184
4186
4188
4191
4194
4197
4199
4203
4204
4207
4208
4210
4213
4215
4217
4220
4222
4223
4228
4233
4234
4239
4244
4249
4251
4255
4260
4265
4271
4276
4281
4285
4286
4290
4294
4299
4301
4302
4303
4305
4307
4309
4313
4318
4321
4323
4325
4329
4330
4332
4333
4336
4339
4343
4345
4347
4351
4354
4356
4359
4363
4364
4367
4368
4372
4374
4378
4382
4383
4388
4391
4393
4394
4397
4401
4403
4404
4405
4406
4412
4414
4415
4416
4423
4428
4431
4434
4437
4438
4440
4445
4448
4451
4454
4456
4464
4468
4474
4475
4477
4480
4483
4486
4489
4491
4493
4496
4498
4502
4504
4506
4510
4512
4516
4519
4523
4526
4532
4537
4538
4542
4545
4548
4551
4552
4554
4556
4557
4561
4562
4564
4566
4567
4570
4572
4574
4576
4577
4579
4580
4583
4584
4587
4592
4596
4600
4602
4606
4607
4610
4612
4613
4614
4617
4618
4619
4620
4623
4624
4627
4630
4631
4637
4639
4644
4646
4648
4652
4654
4656
4658
4663
4666
4667
4668
4671
4674
4676
4677
4681
4683
4684
4688
4691
4695
4699
4701
4702
4706
4710
4714
4718
4722
4727
4732
4737
4740
4742
4745
4746
4750
4751
4752
4753
4756
4759
4760
4762
4765
4767
4769
4771
4773
4775
4778
4779
4782
4786
4791
4794
4796
4797
4798
4801
4803
4805
4806
4809
4812
4813
4816
4818
4820
4821
4825
4826
4828
4831
4834
4836
4837
4839
4840
4842
4844
4845
4846
4848
4850
4851
4852
4854
4855
4856
4858
4859
4860
4863
4864
4865
4867
4870
4875
4881
4886
4888
4890
4895
4900
4903
4904
4906
4907
4909
4914
4918
4922
4925
4930
4931
4932
4934
4937
4938
4939
4942
4944
4949
4950
4952
4955
4957
4959
4961
4962
4963
4964
4965
4967
4969
4970
4971
4973
4976
4979
4981
4985
4990
4994
4995
5000
5003
5006
5010
5013
5016
5019
5021
5024
5026
5028
5030
5032
5036
5039
5044
5046
5050
5052
5053
5055
5058
5060
5065
5066
5070
5074
5075
5078
5079
5080
5082
5084
5085
5087
5091
5096
5099
5102
5107
5108
5112
5116
5121
5125
5127
5129
5132
5135
5138
5140
5142
5143
5145
5147
5150
5153
5154
5158
5159
5162
5165
5167
5169
5171
5172
5176
5179
5182
5186
5191
5196
5202
5205
5210
5214
5215
5217
5220
5221
5223
5225
5226
5228
5233
5238
5240
5241
5245
5247
5248
5252
5257
5259
5262
5264
5270
5273
5276
5277
5279
5282
5285
5286
5289
5291
5293
5296
5300
5306
5307
5311
5313
5316
5320
5324
5326
5328
5329
5331
5332
5333
5335
5338
5339
5340
5345
5347
5348
5349
5350
5351
5353
5356
5359
5363
5367
5371
5376
5379
5382
5383
5388
5390
5391
5392
5395
5399
5400
5401
5403
5404
5406
5407
5408
5413
5416
5421
5425
5429
5431
5437
5441
5444
5446
5449
5452
5454
5458
5460
5462
5467
5471
5476
5477
5483
5485
5489
5490
5492
5495
5498
5502
5504
5505
5506
5509
5513
5517
5525
5526
5531
5535
5539
5542
5546
5547
5552
5556
5559
5562
5565
5567
5569
5572
5576
5582
5584
5587
5590
5593
5596
5599
5603
5605
5609
5610
5613
5616
5618
5622
5624
5627
5629
5632
5633
5634
5635
5638
5642
5646
5650
5654
5656
5660
5662
5664
5669
5674
5679
5683
5686
5689
5692
5694
5699
5702
5704
5705
5709
5713
5716
5720
5723
5729
5737
5738
5742
5750
5753
5754
5756
5758
5763
5768
5769
5770
5772
5776
5778
5781
5783
5784
5789
5793
5794
5796
5798
5800
5801
5802
5803
5807
5809
5812
5813
5815
5817
5819
5821
5825
5827
5831
5835
5840
5843
5845
5846
5847
5848
5849
5853
5854
5856
5859
5860
5861
5862
5864
5865
5868
5869
5871
5872
5874
5877
5880
5881
5882
5884
5886
5887
5889
5890
5893
5894
5895
5896
5897
5898
5899
5903
5907
5911
5917
5919
5922
5926
5928
5930
5933
5935
5941
5945
5950
5953
5955
5960
5963
5965
5967
5968
5973
5977
5981
5985
5988
5992
5995
5998
5999
6005
6009
6012
6014
6015
6017
6019
6022
6023
6024
6027
6032
6037
6042
6043
6044
6046
6051
6053
6056
6059
6063
6065
6069
6072
6074
6077
6079
6081
6083
6085
6087
6089
6090
6094
6099
6102
6104
6109
6112
6113
6114
6118
6123
6127
6131
6136
6138
6142
6146
6149
6155
6160
6161
6162
6167
6170
6172
6177
6182
6183
6187
6192
6193
6196
6199
6200
6201
6203
6205
6208
6209
6211
6213
6214
6217
6218
6219
6221
6223
6226
6229
6233
6236
6240
6243
6248
6252
6256
6260
6262
6266
6271
6275
6278
6284
6285
6287
6292
6297
6300
6301
6304
6306
6308
6309
6314
6317
6321
6323
6326
6327
6331
6334
6337
6338
6339
6341
6342
6344
6346
6347
6348
6349
6351
6354
6355
6356
6358
6359
6360
6361
6364
6367
6370
6373
6375
6376
6378
6382
6383
6385
6390
6395
6397
6401
6407
6410
6411
6413
6416
6417
6418
6422
6426
6430
6435
6439
6441
6444
6447
6449
6452
6457
6459
6460
6461
6464
6468
6473
6475
6476
6481
6483
6485
6486
6487
6491
6496
6497
6501
6504
6508
6510
6512
6516
6521
6522
6527
6530
6532
6533
6534
6539
6544
6550
6552
6553
6556
6559
6565
6568
6576
6577
6582
6585
6589
6592
6595
6601
6609
6611
6614
6615
6616
6618
6620
6622
6625
6629
6635
6638
6642
6645
6646
6647
6652
6655
6658
6661
6663
6666
6670
6673
6677
6681
6684
6686
6687
6691
6693
6695
6700
6701
6702
6705
6708
6710
6712
6718
6723
6726
6730
6733
6734
6736
6742
6745
6746
6749
6752
6756
6758
6762
6766
6769
6773
6776
6777
6779
6780
6781
6782
6784
6785
6786
6789
6792
6794
6795
6796
6801
6805
6807
6808
6809
6811
6812
6813
6814
6816
6817
6818
6819
6823
6825
6826
6827
6830
6831
6832
6833
6834
6836
6840
6843
6847
6851
6856
6861
6864
6868
6874
6876
6880
6881
6883
6885
6886
6892
6895
6903
6905
6908
6911
6916
6917
6919
6920
6922
6925
6928
6929
6933
6935
6938
6939
6941
6942
6944
6947
6948
6950
6952
6955
6957
6960
6961
6964
6965
6967
6968
6972
6974
6976
6978
6981
6983
6988
6992
6997
7000
7002
7006
7009
7013
7016
7020
7022
7025
7027
7029
7030
7033
7034
7037
7040
7043
7044
7049
7053
7054
7055
7060
7065
7067
7069
7072
7075
7078
7082
7085
7088
7093
7095
7098
7100
7104
7106
7109
7111
7115
7116
7120
7124
7128
7130
7135
7136
7138
7142
7145
7146
7148
7149
7151
7154
7157
7159
7163
7167
7170
7173
7178
7181
7184
7189
7190
7194
7195
7196
7198
7200
7203
7206
7208
7212
7213
7215
7219
7220
7223
7227
7232
7235
7237
7242
7247
7249
7252
7255
7257
7258
7259
7262
7264
7265
7269
7270
7274
7277
7278
7282
7287
7290
7294
7295
7296
7299
7302
7303
7306
7310
7313
7314
7320
7323
7325
7327
7330
7331
7333
7336
7339
7342
7346
7348
7352
7356
7361
7364
7368
7370
7371
7372
7374
7375
7376
7378
7381
7383
7386
7389
7391
7393
7394
7395
7398
7399
7402
7404
7407
7408
7409
7410
7411
7412
7413
7414
7416
7417
7420
7424
7430
7434
7438
7442
7443
7444
7447
7450
7452
7456
7457
7458
7461
7466
7468
7471
7474
7475
7477
7481
7483
7487
7491
7493
7496
7501
7504
7505
7508
7511
7512
7514
7517
7518
7523
7524
7528
7534
7536
7540
7543
7547
7551
7553
7555
7560
7563
7565
7570
7575
7577
7581
7582
7583
7585
7587
7591
7593
7596
7597
7598
7602
7603
7604
7607
7610
7611
7613
7618
7620
7625
7632
7635
7640
7643
7645
7647
7650
7651
7652
7657
7659
7661
7663
7668
7672
7675
7676
7678
7682
7690
7692
7693
7695
7696
7699
7701
7703
7706
7709
7713
7715
7720
7723
7725
7728
7730
7731
7733
7735
7736
7737
7740
7742
7744
7746
7747
7750
7751
7756
7758
7762
7763
7767
7770
7773
7778
7780
7783
7787
7788
7789
7790
7792
7793
7794
7800
7803
7805
7806
7810
7812
7815
7818
7821
7826
7830
7836
7839
7841
7842
7846
7847
7849
7851
7854
7856
7861
7863
7868
7874
7877
7882
7886
7889
7894
7898
7899
7900
7903
7907
7912
7915
7917
7920
7924
7929
7932
7934
7937
7939
7943
7944
7947
7950
7955
7957
7958
7960
7964
7968
7972
7974
7977
7981
7988
7993
7996
8000
8002
8004
8009
8011
8016
8019
8020
8021
8022
8025
8027
8029
8031
8033
8037
8040
8041
8042
8044
8046
8049
8051
8056
8058
8061
8065
8071
8077
8080
8082
8086
8091
8096
8100
8107
8109
8112
8114
8115
8119
8123
8126
8128
8133
8134
8135
8137
8139
8143
8145
8149
8153
8159
8160
8163
8167
8171
8176
8177
8181
8184
8185
8188
8192
8195
8197
8202
8203
8204
8207
8209
8213
8217
8219
8225
8230
8232
8236
8238
8241
8244
8246
8250
8253
8258
8263
8266
8270
8274
8275
8279
8282
8283
8284
8285
8288
8291
8294
8300
8301
8305
8307
8311
8315
8319
8323
8324
8325
8326
8328
8331
8332
8334
8335
8337
8338
8339
8341
8344
8346
8348
8349
8350
8352
8354
8355
8358
8360
8362
8367
8371
8374
8376
8379
8382
8386
8388
8391
8394
8398
8403
8408
8411
8415
8419
8424
8428
8430
8432
8435
8437
8440
8444
8447
8452
8455
8459
8462
8464
8467
8470
8474
8477
8480
8482
8485
8488
8492
8497
8499
8503
8504
8505
8509
8511
8512
8516
8519
8521
8523
8528
8531
8533
8535
8539
8542
8547
8550
8553
8555
8559
8560
8563
8567
8568
8570
8573
8574
8575
8579
8584
8586
8589
8591
8593
8596
8598
8599
8602
8605
8609
8611
8613
8617
8621
8622
8623
8626
8630
8631
8634
8635
8639
8643
8644
8646
8651
8653
8656
8662
8666
8670
8674
8677
8679
8684
8686
8689
8694
8699
8705
8708
8712
8715
8717
8721
8725
8728
8730
8731
8732
8734
8737
8739
8741
8742
8743
8744
8745
8747
8748
8749
8750
8753
8754
8756
8757
8758
8759
8760
8761
8762
8765
8768
8769
8771
8775
8777
8781
8785
8788
8790
8791
8792
8794
8796
8798
8801
8807
8809
8814
8819
8821
8825
8828
8830
8832
8834
8835
8837
8838
8839
8841
8842
8844
8846
8847
8851
8856
8861
8864
8870
8871
8872
8874
8875
8876
8877
8878
8879
8881
8885
8887
8890
8896
8900
8904
8906
8912
8916
8920
8924
8927
8930
8931
8934
8938
8942
8945
8947
8949
8951
8953
8955
8956
8958
8959
8961
8964
8966
8969
8974
8975
8976
8982
8986
8989
8992
8996
9000
9004
9005
9008
9010
9015
9020
9024
9025
9028
9032
9034
9039
9040
9041
9042
9046
9050
9053
9057
9062
9065
9069
9073
9074
9075
9077
9081
9082
9083
9085
9087
9088
9092
9097
9098
9100
9101
9104
9108
9110
9112
9114
9115
9116
9118
9120
9122
9124
9128
9129
9133
9135
9138
9140
9144
9145
9149
9150
9155
9157
9158
9159
9160
9162
9163
9166
9167
9168
9171
9174
9175
9178
9179
9181
9183
9186
9189
9196
9198
9199
9202
9203
9205
9206
9209
9210
9213
9214
9215
9218
9220
9224
9227
9229
9231
9235
9238
9242
9244
9245
9246
9250
9251
9252
9258
9261
9265
9267
9270
9272
9273
9279
9283
9286
9291
9297
9300
9304
9306
9308
9311
9315
9318
9320
9324
9328
9331
9335
9337
9341
9343
9346
9350
9353
9354
9355
9356
9358
9360
9362
9367
9368
9369
9370
9371
9372
9373
9377
9380
9383
9387
9391
9395
9399
9400
9401
9402
9403
9405
9406
9407
9410
9411
9413
9414
9415
9417
9418
9419
9420
9421
9425
9427
9432
9433
9435
9437
9438
9441
9442
9443
9446
9450
9452
9457
9459
9460
9462
9463
9465
9467
9469
9471
9476
9478
9480
9481
9482
9483
9486
9488
9489
9493
9496
9498
9501
9506
9509
9514
9515
9517
9520
9522
9523
9524
9525
9528
9530
9531
9533
9534
9537
9538
9539
9542
9543
9547
9550
9552
9557
9561
9563
9566
9567
9569
9570
9572
9573
9574
9575
9577
9581
9586
9587
9588
9589
9590
9594
9597
9599
9601
9604
9608
9611
9613
9618
9623
9626
9628
9632
9635
9639
9642
9646
9649
9654
9656
9658
9659
9660
9662
9665
9667
9670
9673
9676
9679
9681
9684
9685
9686
9687
9689
9690
9691
9692
9695
9697
9700
9706
9708
9710
9712
9714
9716
9718
9720
9722
9725
9726
9729
9731
9733
9738
9740
9741
9743
9746
9750
9753
9756
9759
9762
9765
9768
9773
9778
9779
9783
9785
9786
9789
9791
9794
9798
9801
9803
9804
9806
9807
9808
9810
9812
9814
9817
9819
9820
9821
9822
9824
9825
9826
9829
9833
9835
9838
9839
9841
9844
9845
9846
9851
9853
9855
9859
9860
9863
9866
9868
9869
9871
9876
9877
9880
9882
9883
9884
9885
9886
9888
9892
9897
9898
9899
9900
9902
9903
9904
9906
9907
9909
9913
9919
9921
9923
9928
9930
9932
9935
9938
9942
9943
9944
9948
9949
9953
9955
9959
9965
9969
9970
9972
9976
9980
9981
9986
9990
9995
9996
9997
10000
10002
10006
10011
10015
10017
10019
10024
10028
10031
10035
10039
10041
10046
10051
10052
10057
10062
10064
10066
10069
10071
10074
10079
10083
10087
10093
10099
10102
10106
10110
10113
10116
10120
10124
10131
10135
10139
10144
10146
10148
10149
10151
10154
10157
10158
10159
10160
10161
10164
10165
10171
10176
10178
10181
10182
10184
10186
10187
10189
10191
10193
10194
10198
10199
10201
10207
10208
10209
10216
10221
10222
10225
10226
10227
10231
10233
10234
10236
10238
10241
10243
10245
10248
10249
10251
10254
10256
10259
10261
10262
10264
10266
10267
10269
10270
10274
10277
10280
10282
10286
10291
10294
10296
10300
10302
10305
10310
10314
10318
10319
10325
10329
10333
10337
10338
10340
10343
10344
10345
10348
10351
10352
10356
10360
10364
10367
10372
10374
10378
10383
10387
10390
10394
10397
10402
10407
10410
10415
10419
10421
10423
10424
10425
10427
10431
10435
10436
10440
10441
10444
10448
10452
10456
10460
10462
10467
10471
10473
10475
10480
10482
10483
10488
10490
10492
10494
10496
10497
10499
10502
10506
10508
10510
10513
10518
10523
10526
10529
10534
10537
10541
10543
10548
10552
10557
10563
10568
10572
10576
10582
10584
10585
10587
10588
10589
10591
10592
10595
10598
10600
10603
10608
10613
10615
10617
10619
10623
10624
10626
10628
10629
10633
10637
10639
10643
10644
10648
10650
10655
10659
10661
10662
10664
10665
10666
10668
10672
10675
10679
10683
10687
10690
10696
10699
10701
10702
10705
10707
10712
10713
10715
10716
10718
10721
10722
10723
10724
10726
10728
10729
10730
10731
10735
10737
10742
10744
10747
10750
10752
10753
10754
10757
10758
10761
10762
10763
10766
10767
10769
10770
10771
10774
10777
10780
10781
10782
10783
10784
10785
10786
10789
10791
10793
10796
10800
10803
10804
10805
10806
10808
10810
10812
10813
10814
10815
10817
10818
10820
10821
10823
10824
10826
10830
10833
10836
10837
10842
10845
10847
10849
10851
10854
10856
10859
10863
10866
10872
10876
10878
10883
10887
10893
10896
10898
10902
10904
10905
10907
10909
10914
10919
10921
10922
10924
10927
10929
10931
10932
10935
10937
10939
10942
10943
10944
10948
10949
10953
10954
10955
10959
10961
10962
10963
10966
10968
10971
10974
10976
10977
10980
10985
10986
10987
10988
10989
10990
10993
10998
10999
11000
11003
11007
11008
11010
11012
11014
11016
11017
11019
11021
11023
11024
11025
11026
11027
11029
11034
11035
11037
11041
11047
11049
11054
11057
11061
11064
11070
11075
11080
11082
11083
11085
11087
11088
11089
11091
11092
11093
11094
11096
11097
11098
11100
11103
11106
11107
11110
11114
11116
11119
11121
11122
11125
11126
11127
11129
11130
11131
11133
11134
11136
11137
11138
11140
11144
11148
11153
11156
11161
11163
11165
11166
11168
11170
11175
11180
11185
11191
11193
11195
11196
11199
11201
11204
11205
11206
11208
11209
11212
11214
11215
11217
11220
11224
11225
11228
11230
11232
11233
11234
11235
11236
11237
11238
11240
11245
11247
11249
11251
11252
11256
11258
11261
11264
11266
11269
11275
11280
11282
11284
11287
11290
11291
11292
11296
11297
11299
11302
11303
11305
11310
11312
11313
11315
11318
11319
11323
11326
11328
11330
11332
11335
11337
11338
11341
11343
11346
11348
11354
11359
11361
11362
11363
11366
11371
11374
11377
11379
11384
11388
11391
11395
11396
11399
11403
11406
11409
11413
11415
11419
11424
11427
11429
11433
11435
11436
11437
11440
11441
11443
11444
11445
11447
11451
11456
11457
11459
11461
11462
11463
11467
11468
11471
11474
11477
11478
11481
11482
11483
11485
11487
11490
11494
11496
11498
11501
11502
11504
11506
11507
11508
11510
11512
11515
11517
11519
11520
11521
11522
11523
11525
11526
11527
11528
11529
11531
11532
11533
11534
11535
11536
11541
11543
11544
11546
11550
11553
11559
11562
11563
11565
11566
11568
11569
11570
11571
11573
11576
11578
11580
11583
11584
11585
11586
11588
11591
11593
11595
11598
11601
11605
11609
11611
11616
11618
11619
11621
